ils vnd first 2opt 2opt* exchange2 exchange move rndmv exchange 10 
p01:3,7,9,10,12/ 576,87
p02:4,9/ 473.53
p03:3,7/ 641.19
p04:6/ 1009.98 
p05:10/ 752.05 
p06:12/ 881.19             
p07:0/ 893.65 
p08:10/ 4457.00
p09:0/ 3934.24
p10:7/ 3697.39
p11:4/ 3642.242465
p12:1,3,6,7,8,9,10,12/ 1318.95
p13:all/ 1396.93 very low time, need more
p14:1,4,6,7,12/ 1422.652252
p15:10/ 2511.92
p16:4,9/ 2616.15
p17:12/ 2815.63 (2809.12 seed 5)
p18:12/ 3830.59
p19:0/ 3926.91
p20:9/ 4241.35
p21:6/ 5920.59 (5908.04 seed 8) 
p22:10/ 5978.83
p23:6/ 6471.23
pr01:0,1,3,7,10,12/ 861.32
pr02:2/ 1300.09 
pr03:12/ 1812.20
pr04:9/ 2090.02
pr05:7/ 2474.74
pr06:1/ 2764.35
pr07:3/ 1075.12
pr08:4/ 1672.79
pr09:1,9/ 2188.55
pr10:4/ 2893.61