ils vnd first 2opt 2opt* exchange2 exchange move rndmv exchange 5 
p01:1,3,4,6,7,9/ 576,87 BKS
p02:3,6/ 473.53 BKS
p03:0,6/ 641.19
p04:9/ 1006 
p05:0/ 751.15 
p06:2/ 876,50 BKS        
p07:10/ 891.25 
p08:6/ 4526.71
p09:10/ 3968.495
p10:0/ 3701.27
p11:0/ 3622.30
p12:0,1,2,3,4,6,9,10/ 1318.95 BKS
p13:0,7,9/ 1318.95 BKS 
p14:multiple/ 1422.652252
p15:1/ 2505.42 BKS
p16:4,6,10,12/ 2616.15
p17:4/ 2820.999
p18:1/ 3791.93
p19:6/ 3961.95
p20:4,9,10/ 4210.48
p21:6/ 5811.846923
p22:12/ 5942.57
p23:0/ 6404.18
pr01:0,1,4,7,9,10/ 861.32 BKS
pr02:3/ 1300.17
pr03:1/ 1815.99
pr04:2/ 2080.76
pr05:7/ 2464.54
pr06:9/ 2751.83
pr07:12/ 1075.12 BKS
pr08:7/ 1669.01
pr09:6/ 2196.45
pr10:3/ 2894.68